,p0,p1,p2,p3,p4,p5,p6
45654,0.37345681348828375,0.015637068201642523,0.3512009181735633,0.22610376739265,0.01667015745516971,0.005522572077162821,0.011408703211527356
45655,0.0006463377131840381,0.003802854432075824,0.005522557527004213,0.9766082143100521,0.008877742548267092,0.0004921881402467607,0.004050105329169049
45656,0.09781888416219044,0.41158240167050925,0.3373874293980093,0.0061179161069198325,0.006457000437191868,0.0026726318162456375,0.13796373640893408
45657,0.030886754635212815,0.02071780073795293,0.4408328926945498,0.057852763577697204,0.12187222348596367,0.013682595349976824,0.3141549695186467
45658,0.00017571241990926517,6.149665958472592e-05,0.0009363146159554908,0.9983936221146112,0.00030770058372289267,6.685355442191114e-05,5.8300051793043284e-05
45659,0.7257950835855268,0.04597669282151152,0.10816598469950227,0.0560414135581793,0.015263074513670049,0.00341848985937101,0.045339260962237754
45660,0.043950129473066174,0.02752568350206287,0.014324686932073005,0.011033789686348203,0.04058066625216095,0.8268914650190149,0.03569357913527535
45661,0.0057741664522979455,0.002078158136447747,0.03609193214848272,0.9351561718520968,0.0018233272445857057,0.003670174141952484,0.015406070024137216
45662,0.0004440408161946742,0.0018541168279183533,0.0028306135234987574,0.00044588742573846413,0.8190574079224894,0.0022167230238184167,0.17315121046034107
45663,0.0031728080944967013,0.7645378967781159,0.0027052512656116396,0.002363224382235602,0.2135104255010293,0.0007319078621958686,0.012978486116312455
45664,0.0006836656182649699,0.00031083649457850135,0.08868957678433556,0.053950534699246544,0.48484563538684144,0.0039638325909286745,0.36755591842580393
45665,0.004209967602236355,0.00446913245589489,0.0790406112437717,0.005333668386033886,0.011469855760201493,0.02323999469126574,0.8722367698605953
45666,7.034147021285552e-05,0.0005031083466451576,0.002670789519770736,7.449205003428961e-05,0.9648594904936958,0.0003346452173124394,0.03148713290232844
45667,0.11852727708315204,0.012331908054902288,0.011301340803042173,0.0014480962032704528,0.0016624390728862417,0.8542380077179687,0.000490931064777818
45668,1.2247861309321703e-07,2.2972353091080326e-06,5.9399259391241984e-05,9.718872904318557e-07,0.0015024722104994197,1.0314686944305883e-06,0.9984337054602017
45669,0.002199353353230134,0.9958695074663433,0.0016529652347949753,1.9375634482799054e-05,0.00021700228427179563,1.141252236241943e-05,3.038350451492056e-05
45670,0.013175603642052563,0.018841542601026325,0.22411078242512095,0.10251948136328227,0.19114180779102488,0.01891334601772849,0.4312974361597631
45671,7.516634365702229e-05,0.00022629227405881932,0.9478657126996214,0.0380937503352808,0.0008794147441909693,0.0006323795721641464,0.012227284031025357
45672,0.0040298519935502266,0.09609525600817238,0.003022164144711191,0.003225196721480768,0.8798928722168119,0.008702874946610584,0.00503178396866415
45673,0.013352645119918929,0.3328077063266922,0.01831139514488902,0.0023637866507510963,0.5887665465449456,0.002070579124658577,0.042327341088145315
45674,0.00031245077200555636,0.0015166740840774175,0.021952700629210037,0.0024580605705585637,0.9557376336243127,0.002986808203522689,0.01503567211631243
45675,0.005112449580384217,0.04814848594888355,0.230879151784984,0.01340692304450005,0.6799394873374148,0.01332672631620889,0.009186775987626312
45676,0.19066197406112476,0.023915859044032314,0.0603518798261345,0.126924068399392,0.5779891436774213,0.013695367092588904,0.006461707899305917
45677,0.7489831280911455,0.12973347641018135,0.0640605847279482,0.036574382619876916,0.004784394619780522,0.0034762726426684288,0.012387760888399792
45678,0.5142375451164305,0.04314268714372269,0.25749172355108096,0.002012275051932036,0.10618877461997255,0.0012320372397424614,0.07569495727711661
45679,0.019119080190786328,0.01288141246095882,0.03218807276632909,0.9147456305064333,0.010255827275444872,0.007959723352119799,0.0028502534479295607
45680,0.0058400519465966454,0.006029609826244508,0.06580932188042121,0.003581193499291272,0.005571427794419402,0.008415070180809114,0.9047533248722166
45681,0.6159176113775768,0.033625117072308766,0.29898166026111034,0.0031500142116403077,0.004293348247843407,0.0033882315812064053,0.04064401724831398
45682,0.006061292298223909,0.001250355899004497,0.004394618065149739,0.0012496148195675469,0.0033843774259306693,0.97598509577703,0.007674645715092603
45683,0.3596001571033891,0.2711279721049448,0.3658965784628597,0.0021670485862595704,4.1479862545904595e-05,0.0011190761872440311,4.7687692757180735e-05
45684,0.0017363782485428927,0.0002228217788780887,0.01570182184129198,0.9781822635051766,0.0007875389739939245,0.001890207240929042,0.0014789684111871403
45685,0.015882067236434958,0.07511834247408523,0.14122023349885407,0.0019778209637553714,0.6955791838503786,0.008912861248613324,0.06130949072787723
45686,0.0005899037703448775,0.0020083204815883795,0.025572915538885764,0.0013257232651217132,0.6548934380170507,0.0009167618445983341,0.31469293708241375
45687,0.011715384694416497,0.044311618179766164,0.015464303402139671,0.055122214303540126,0.03752937149042882,0.8015708913171875,0.03428621661252137
45688,0.002406730790562064,0.029049259960825323,0.888979085097398,0.0038723615867729782,0.04155384188514178,0.002866153885097653,0.03127256679420057
45689,0.002082654556028517,0.014395212536930728,0.005562290056855114,0.00033992421699679783,0.7822957773816406,0.0019805235830892883,0.1933436176684588
45690,0.00023324990834701118,0.0003532313290704246,8.238619355231894e-05,8.891493502397336e-05,0.002373859488040748,0.9967886822856776,7.967586028779545e-05
45691,3.8688164941101514e-05,8.615405275100227e-05,0.0003918473996658696,0.00011819338884318971,0.8866052625283952,0.00015043613898724993,0.11260941832641619
45692,2.8235519728922893e-05,5.0233092817173725e-05,0.0006526624998346621,0.0001497053727045584,0.00035158090089388113,8.888286553431286e-05,0.9986786997484872
45693,3.523898259484284e-05,8.691506560928213e-05,4.73402533025931e-05,5.460492808763012e-05,0.0009651310657386421,0.9987757559613953,3.50137432713044e-05
45694,0.0044308087763476585,0.08951371588892564,0.0035023586374529608,0.004013357808978591,0.018846396456756384,0.8748351128175691,0.004858249613968735
45695,5.835585719179462e-05,5.2349289640535334e-05,0.00030609979846785206,0.00023045801113402231,0.0004472000523731705,0.9987001608073167,0.0002053761838756254
45696,4.451486589733995e-05,0.00013596851734421533,0.00014584671801165993,0.00012264480750087233,0.002139571565853652,0.9973473682938439,6.40852315495734e-05
45697,0.036056634060818944,0.012080511454810554,0.17951350055009313,0.7281931129675775,0.01906507174675473,0.013917950450881523,0.011173218769064687
45698,0.912188590792588,0.014219452324132863,0.05838016091354983,0.014781170197944176,0.000154882970139648,0.00015079175835584278,0.0001249510432889317
45699,0.0002920551997629443,0.0004495225575103178,0.0014601345671264852,0.000307309287598731,0.0012059120166361974,0.9949440580573355,0.001341008314028721
45700,0.0038298052769919124,0.0014640562608948665,0.007008134997183174,0.9811468069913833,0.002374157988428838,0.0004589587750446043,0.003718079710073257
45701,3.923153482748507e-05,0.00022501318826345225,0.0018836550251865114,2.0945742014231583e-05,0.0021643258073942573,4.42142075342909e-05,0.9956226144947784
45702,0.0017558097372112492,0.9803196365918335,0.003790271258730593,0.00043881508622481077,0.01129369340255958,0.0006142700027351835,0.001787503920705407
45703,0.04273495278082974,0.021610834320783263,0.05860594069505065,0.010429052118190604,0.10373185701730173,0.031444914745573066,0.7314424483222715
45704,0.9703645177825339,0.027563141779432317,0.001535893061526253,8.35267343132262e-05,0.00040804472887666214,2.4306696389219986e-05,2.056921692931653e-05
45705,2.003182149490418e-05,3.653925245365848e-06,5.4707966800050834e-05,1.1694784182313733e-05,0.9994789602796059,0.0001619597641663145,0.00026899145850564464
45706,6.548641851511489e-07,3.519362587764855e-06,1.0579394822538673e-05,4.189934569109157e-07,0.000301233273909033,5.0011754955705565e-06,0.9996785929355401
45707,0.00023365843278678694,0.0003779656279007745,0.0029019987346984,9.694478647087112e-05,0.985749248884831,0.0003715103233375235,0.01026867320997573
45708,5.505328803279843e-05,1.0732041473229043e-05,2.9647358952938207e-05,4.825472708045996e-05,0.0018518765676915217,0.9978840392076449,0.0001203968091245289
45709,0.008364178893700969,0.8101227892827548,0.14097630438675876,0.0003206690603309424,0.03945646335478772,0.00010371862223899546,0.0006558763994279522
45710,0.000305389273745227,0.00011376066119945052,0.0008560924510858261,0.0007079678303533432,0.9622928944336738,8.659733705517061e-05,0.03563729801288851
45711,3.980897040498051e-05,4.5994680683675095e-05,0.0002967090173542062,9.071974672005899e-05,0.006423551956968626,0.00025984327742361224,0.9928433723504454
45712,0.0005195758056399083,0.0002194333206189073,0.0008576394374018078,0.9976207988433481,0.00015974205884441514,0.00021060076950971202,0.00041220976463784287
45713,0.014151228769339394,0.0025179268565636292,0.39337200015488,0.35903936293943,0.1967292073979131,0.0025016693964797364,0.031688604485395414
45714,0.0012521777609299056,0.006125854884874755,0.1639584310162505,0.0016374763263612823,0.814377890391995,0.0007981676092549189,0.011850002010333769
45715,0.08472817545820564,0.2417674978773284,0.0963256965588796,0.033304468073651464,0.5194765530901407,0.009778454966799655,0.014619153974996033
45716,0.0008636923540226642,0.0010522158999703676,0.0001607559576452495,8.885783895344391e-05,0.944305749403001,0.000287528488965168,0.053241200057443344
45717,0.014766944909584972,0.02446460266097999,0.04119893105655907,0.04783338623656937,0.5565233371984522,0.27611150532946643,0.03910129260838844
45718,0.0011116449028041938,0.0003708664833772332,0.0013634228855969558,0.9959903399830824,0.00039475263580710115,0.00039258669801669186,0.00037638641131533307
45719,0.002186408582909088,0.8984864071152494,0.09618844407130282,0.0002718995329721399,0.000981445796582585,0.0001376539665141205,0.0017477409344716153
45720,0.006734165358362824,0.010881027969389112,0.0037557135603315897,0.0047449480651296306,0.009844785091577534,0.9635385181086821,0.0005008418465260076
45721,0.00297258206947599,0.0009128023937515027,0.00765535225784023,0.003878638861953222,0.004536575664649656,0.9757271056362221,0.004316943116108329
45722,0.0010353641177031458,0.005304890535707268,0.9763813467638158,0.008036468072534437,0.0006471115058401678,6.729741859696138e-05,0.008527521585801097
45723,0.7785537561802018,0.17165668074264318,0.009484474312917709,0.005498822522385585,0.009545141585608631,0.023611144563131486,0.0016499800931120351
45724,0.00017932279934662686,1.2642530646374601e-05,0.000476189777508327,0.9988469650141294,0.0001058478423812588,0.00016941272676180527,0.00020961930922571808
45725,0.030329666841587617,0.8404470589050816,0.006616613271324597,0.009663966405412675,0.0912837213581961,0.011793141259627098,0.00986583195876867
45726,0.009691984906316694,0.0026331771627961307,0.0800531606848513,0.9034682854915003,0.0013883027283845514,0.0008397734283960687,0.0019253155977550355
45727,0.0008871643279334926,0.002057991238812187,0.05424806744009919,0.9049282933873116,0.01513863475933079,0.007573063272380512,0.015166785574134022
45728,0.2670506935909502,0.6772571417325898,0.05121236967793359,0.00022935230896733319,0.0008702941826720696,0.0019804749887057183,0.0013996735181825437
45729,0.017080518828108005,0.048414619114418876,0.11239845082760189,0.025706201619263493,0.3810493165024043,0.4005087571078736,0.01484213600033075
45730,0.0011246521868305233,0.9787969261244577,0.0029394381863849057,0.00030551433813812736,0.015595718025928908,0.0004351494732660738,0.0008026016649949413
45731,0.5526755924672474,0.42583640295362224,0.01871829624693015,0.0006732954083604925,0.0012581989300947379,0.0006394249948919684,0.0001987889988518516
45732,0.0015819564373783627,0.9364938280543343,0.04333606488551154,0.0028237064677393386,0.007762036409694027,0.0004014798571862939,0.007600927888156644
45733,0.08292298295249811,0.019233848338203963,0.8847328122925714,0.009396488544640784,0.0010106633960034258,0.00012520921006013914,0.0025779952660254105
45734,0.016366669410068205,0.01719988192617432,0.05567379026057624,0.0013625308089511294,0.1877910137481345,0.004317578084122753,0.7172885357619728
45735,0.0001229752649712214,0.9986744977937796,0.0010275024748588118,2.973781883470105e-05,7.585172215584515e-05,3.954005194057937e-05,2.9894873458101615e-05
45736,5.825497797318432e-05,4.711787734848322e-05,0.0012376593333472278,0.0007033044466033944,6.024781728214397e-05,0.9977108081693354,0.0001826073781079571
45737,0.0005442218882009725,0.00038277673186486855,0.00875140636026933,0.004631021083938161,0.9423916140927469,0.007902064671119537,0.03539689517185917
45738,0.001918440886370097,0.0016189510186169873,0.01302904358748619,0.005239999686917321,0.002272814791684407,0.003919202449133122,0.9720015475797916
45739,0.00026314640964723266,0.00046607253189547265,0.00043225851509012965,0.00014027956797678216,0.02504943953543379,0.9731348096417949,0.0005139937981613642
45740,0.0007456661452611618,0.004987022711581344,0.0020004361483528786,3.7421794961141924e-05,0.6137089527202778,0.0009133156171288413,0.3776071848624381
45741,0.004343937741844074,0.9743378120516284,0.0037981040709151757,0.003237617319717824,0.007613669654576648,0.0036649651653941034,0.0030038939959233187
45742,7.109385563819791e-05,0.0002063587165713354,0.0009433151491718206,0.00011308347937494102,0.010201006366906634,2.3306230009148643e-05,0.9884418362023276
45743,0.030902266024184184,0.6616599907292534,0.2027857633276362,0.0024061739261439876,0.05832931375778582,0.016113654531081947,0.02780283770391236
45744,5.334557818104393e-06,3.622868424070148e-06,1.6900752200093508e-06,9.580311268739938e-07,6.791303208054595e-07,0.9999872865523253,4.2878476444130155e-07
45745,1.5915620877551868e-05,5.3616411090139765e-06,6.766048967905964e-06,3.629176549220787e-06,1.618121789098403e-05,0.9999489324193805,3.2138752248894436e-06
45746,0.0007842912583506491,0.005052447426000823,0.022258243146257975,0.0009971508073787193,0.8624907318872131,0.003389702968110141,0.10502743250668935
45747,0.0008184395146215269,0.016818518557043388,0.0027789856692420857,0.0002476894118135516,0.9622067735954484,0.0006438521146354615,0.016485741137197214
45748,2.266359076639305e-05,0.00016904010849769007,0.015118555853930817,0.0007841817258680574,0.28064612821212515,0.0011367090008740416,0.7021227215079373
45749,0.016114470746672306,0.46512085584156254,0.3014811510677552,0.04110592321227547,0.009543596514908848,0.13949576624784765,0.02713823636897919
45750,0.000730371068798832,0.0002719312338581654,0.0032213863693771093,0.0007940888153431671,0.08872355575356818,0.0008005201428117093,0.9054581466162415
45751,0.0003203623836302821,0.002722202215622876,0.004792726078318413,0.001154749683323078,0.9376943848099502,0.010332401686185821,0.042983173142969545
45752,0.971643074995844,0.019316923414882718,0.0055023708761540524,0.0002542195484715601,0.0020533496962853223,0.0004029745408303174,0.000827086927528951
45753,0.0022348730610235786,0.9971006160384318,0.0005131663117130406,4.303059854195458e-05,9.028253600629951e-05,3.894913228115193e-06,1.4136541057104794e-05
45754,0.00012532842723800484,0.0002230365886656273,0.0002777658787631498,0.00011086869640875007,0.0004273967617563891,0.9984463249492839,0.00038927869788391327
45755,0.0001421163309572279,0.0002650462286469069,0.0052214394329777045,0.0028727312863343155,0.007035131838479425,0.0877302227942338,0.8967333120883703
45756,0.001707486971860775,0.01045603136957336,0.06401415710033836,0.00737721498685754,0.843972776195153,0.06424454035897173,0.008227793017244352
45757,0.0001757082642870373,0.0002747586922211907,0.006310811992355261,0.001483415378069773,0.9582457606775471,0.0003596437507337764,0.033149901244787706
45758,3.1752844962271975e-06,2.8135983319525436e-06,1.5714090228279461e-06,2.2383713957177047e-06,1.2437838919912237e-05,0.999976826015107,9.374827280537406e-07
45759,0.002321422087043616,0.1233384158225677,0.05071057558557043,0.0017484115937237649,0.8099022818016177,0.009228389998566205,0.0027505031109105516
45760,0.0016831304191432708,0.001996136846503397,0.011825830592566228,0.9751837135499442,0.0025398838969267344,0.004828091169098501,0.001943213525817468
45761,0.007667644786917999,0.0008081726568977153,0.029126570202755466,0.0006798825364574053,0.9501841465043328,0.0004022840220526994,0.011131299290585811
45762,0.8305293694287326,0.08029383897423263,0.03884086349853985,0.045668154528876514,0.0030142742274953775,0.0005194788903545381,0.0011340204517682824
45763,0.0008421509079128844,0.00039499682714007393,0.04164757401278721,0.9525295200286791,0.0028767145442108,0.00037940545862227083,0.001329638220650549
45764,0.006297444808928628,0.01872547607892034,0.9408183061014977,0.006235668122520054,0.005248322128574216,0.0020598159522559356,0.02061496680730318
45765,0.021386469656468773,0.007456343269760992,0.9019998982052057,0.00026342107818814716,0.004797389525245264,0.0003265752663320778,0.06376990299879591
45766,0.1167531083592177,0.029035756386652473,0.7934690394472282,0.05380271858595192,0.002260339558769016,0.0003647418329331919,0.004314295829250251
45767,0.0007146817976735752,0.006301596811095013,0.010257620346799279,0.011043024269225266,0.9391831919265198,0.011340521746772086,0.02115936310191629
45768,0.01174967836285922,0.001792142627366452,0.005817214512668191,0.9764274714373502,0.0015521633451286857,0.0006637310051869644,0.001997598709439411
45769,0.00019586575322264954,0.00035157950617413405,0.0018408997007285143,0.0007788403825870091,0.002551512985098829,0.9931579216086626,0.0011233800635264554
45770,0.0038182178158522656,0.002152027202440376,0.011733274891282711,0.9752512218574506,0.0042466756993363355,0.0017824698086348868,0.0010161127250033863
45771,0.0009706363592759661,0.018992828042276998,0.4558000396393296,0.0024627427596742102,0.027325124513302934,0.00013860984905520997,0.4943100188370877
45772,0.13757759398505873,0.00863259908109085,0.8513284043858773,0.0012714367468104229,0.000606236256151851,7.636479066325788e-05,0.0005073647543481523
45773,0.0009511243647958391,0.00243682951412859,0.008512557030143789,0.003793076985549652,0.5390454138525907,0.002280948415968587,0.4429800498368249
45774,0.2235095195459707,0.41742720410519774,0.06906091193444852,0.03152703397111362,0.048845326528085986,0.20621044829767132,0.003419555617508619
45775,0.9309037307233359,0.02138430274562568,0.013779415528936488,0.005566968438540051,0.017969335084479468,0.0051842071890846825,0.005212040289997468
45776,0.005126991716106866,0.0053708435992197694,0.029224330683137064,0.0010666522623188376,0.03672860774640358,7.07678775261021e-05,0.9224118061152894
45777,0.872024962806434,0.12159006234867857,0.004840317463230568,0.0007461974912870963,0.0003290367695134048,0.0003480028486455799,0.00012142027220745456
45778,0.017464773670332064,0.0027581811282159367,0.9717110176032149,0.0006610397215156267,0.003952042022828633,0.0007193845244704911,0.0027335613294212613
45779,0.0004489616609449804,0.998648123562531,0.00040716460306387353,8.672475207983784e-05,0.0003392916856789319,3.971163300586538e-05,3.002210269382866e-05
45780,0.0015375375322002663,0.006264256925424664,0.0031149453857764555,0.00120743948034955,0.021873987013758176,0.9635851234298465,0.0024167102326455477
45781,0.0058928980035817344,0.01283151006801626,0.009851822898086178,0.002723680358218431,0.9613227157526919,0.0015449803361302448,0.005832392583275349
45782,0.9739798431694963,0.023915002639398213,0.0011133104364773115,0.0002169146714519109,0.0006477844883489327,7.864117366223445e-05,4.8503421163001094e-05
45783,4.2759161162936615e-05,5.411033921861967e-05,0.00015067552901008613,0.00010846289678040073,0.9992762554618203,1.666150248055395e-05,0.0003510751095291313
45784,0.9414906310066963,0.02891200491735846,0.019976381522990163,0.001557459808106159,0.00016708194186693681,0.007500467704130524,0.00039597309885291314
45785,0.02730358895427175,0.08422715010981731,0.6477512720265007,0.060192598604150126,0.15789767902736176,0.004677539168020821,0.01795017210987591
45786,1.35720925178268e-05,7.358213240936613e-06,0.0001041037721497922,1.3214319153274524e-05,0.0045832948731646785,3.5058424884093995e-05,0.9952433983048923
45787,0.00012537252115259615,0.00011952983733036955,3.452324598095963e-05,9.314943301801778e-05,0.8027263572543865,0.0003459124203020063,0.19655515528782824
45788,0.0042710866405511316,0.0009948401442005557,0.02070698003742622,0.0013241088112508177,0.9570110830999845,0.008223628101291056,0.007468273165296812
45789,0.272719731936818,0.09297231221547224,0.49307084958636554,0.060032365554260066,0.007500132891185832,0.021483696196873098,0.052220911619025444
45790,0.0015982513247095559,0.0019855952271737114,0.01049580779791055,7.779655454116983e-05,0.039436410751449914,0.0009218642635445999,0.9454842740806715
45791,0.0028924202733658128,0.008143774804179523,0.15113008977624007,0.002068694599692462,0.42997943550911627,0.0005239852616548254,0.40526159977574844
45792,0.015459663342731854,0.9516323741802064,0.013698465479453154,0.0010732489630042382,0.01584744946289812,0.0014140051460858989,0.000874793425618536
45793,0.787656948220623,0.1832264822445369,0.006022010032513334,0.013834879078050762,0.0052030267132814455,0.0019829520295486062,0.0020737016814475558
45794,0.16029753046996192,0.07700720068977436,0.2050879517306478,0.08869535342794238,0.023245090456688027,0.4326266162652769,0.013040256959708663
45795,0.0972548389690599,0.018051568606197888,0.8543775579509096,0.003720924336300829,0.007079255476411719,0.003519990806620379,0.015995863854502697
45796,0.008027472017357784,0.0010703688152213155,0.09540827219055964,0.8909604207887268,0.0005536538612595217,0.0027603510707455733,0.001219461256129115
45797,0.0053892690338251965,0.005823897110678111,0.0038465423904040508,0.9369694215310036,0.03964307733367766,0.0030937000682752266,0.005234092532136806
45798,0.01015079592306004,0.041641731251602844,0.04242221407576581,0.0037444129528415564,0.8927085407086991,0.002474865245955313,0.006857439842078688
45799,0.0376466073657669,0.11778524205127897,0.15690313048155236,0.0046851469101417175,0.6360428224027989,0.03136659379049148,0.015570456997968374
45800,0.0006541935894048797,0.9957375542431114,0.0007362258553370082,0.00047677044680446984,0.0008845931973571281,0.0012040940591815418,0.00030656860880361175
45801,0.018462511548510804,0.006870531913348014,0.9282909598198832,0.0025564328069611415,0.02824643557227646,0.0008605546655031064,0.014712573673517346
45802,1.4112912301626516e-05,1.0292510774245935e-05,0.00022950260818863872,0.9996870265660384,7.644672388237668e-06,4.216709172808975e-06,4.720402113488591e-05
45803,0.028186723791649524,0.011227817573220356,0.45145983758831754,0.006099909823611991,0.05543086243933478,0.0035748220206553187,0.44402002676321367
45804,0.00021078967203546907,0.001947470426111875,0.5297942394669133,0.00026234711373437664,0.03785674207613884,0.00016888962715624678,0.4297595216179095
45805,0.5881277317596952,0.20596787569092256,0.11041327685046973,0.022066527632134635,0.05298110340527355,0.006675500790883271,0.013767983870622003
45806,0.0001493151177292696,0.1452044181073028,0.00028243702056157633,0.000279972581312943,0.5049199804127495,8.952691651480442e-05,0.3490743498438301
45807,2.1456250901979646e-05,1.89201331581585e-05,0.0007925367937413172,6.253675861182341e-05,0.025361559733305387,3.180088391645612e-05,0.9737111894463648
45808,0.00011906834561002394,0.00038252710745395987,0.0025826268023785705,0.00015568918619265478,0.30902482560162775,0.0013719970493593532,0.6863632659073752
45809,0.03422921821871525,0.021594612527636052,0.45359414550295507,0.2998341241313545,0.08128197848593051,0.028755346279800337,0.08071057485360927
45810,0.002213858865944436,0.003587260015790646,0.39178865049200967,0.0011023033191745277,0.3101903138100158,0.2246347674617132,0.06648284603535165
45811,0.004689138180214917,0.007754507363429157,0.5666384173016832,0.06686742828438702,0.07977954918797076,0.007748261582304521,0.26652269810001245
45812,0.04068681452680155,0.03520920051730256,0.7396058208649613,0.0008620484957701714,0.16185254189012518,0.0020160563711261008,0.019767517333912108
45813,0.004450343191597611,0.00895220179429185,0.05823384543689347,0.00914858819083473,0.08490045245941366,0.0313649229806957,0.8029496459462732
45814,8.461251798501734e-05,0.9986710354760369,0.00011781566605903503,1.927114830664952e-05,0.0010178531459072496,1.3292722113877418e-05,7.611932359456067e-05
45815,0.005948573733732035,0.02706324392105416,0.2795155059049159,0.015830037533250053,0.2528987318708068,0.36426781201800373,0.054476095018235415
45816,0.06766397268398609,0.09727075027277299,0.25249487894113914,0.34459626983041786,0.14710706561163872,0.017822738361402933,0.0730443242986427
45817,0.002431945042714645,0.0066639422706006495,0.0006442080331296945,0.0027707286432347303,0.0026978799246635543,0.9840500035077763,0.0007412925778802151
45818,7.611169494040643e-06,2.6353764960496954e-05,1.9495007570875156e-05,4.806128170352611e-06,9.189721375623215e-06,0.9999314523899798,1.091818448663506e-06
45819,0.0029959118131935715,0.0007367011599678135,0.004464406097496704,0.9889084074951312,0.0008807439818367845,0.00038311373418963636,0.0016307157181836964
45820,0.0017382741848518586,0.008788792055155129,0.029264396793827023,0.0016507745707385938,0.06712020856316994,0.0007586154114334777,0.8906789384208261
45821,0.02476602797976102,0.8282861246499158,0.11937995423182031,0.002632009043614744,0.021069119098448837,0.0013667876750681927,0.0024999773213699936
45822,0.01183375577322097,0.7884563748226373,0.14217796128860793,0.0020982947603118258,0.016002748772028706,0.02140979126271648,0.018021073320475978
45823,0.0005166888825612934,0.00033929269842267927,0.005092226153287166,0.0010968585208332672,0.986920372695726,7.118558623521866e-05,0.0059633754629334155
45824,7.451389986913051e-05,0.9998648146665086,4.827403960333525e-05,2.492656944316979e-06,3.518963210950624e-06,4.215807237653914e-06,2.16996662230767e-06
45825,0.004157478117193979,0.023313965446066367,0.8412385310434699,0.05648571813086644,0.047554762448656425,0.001993040882392729,0.025256503931354198
45826,0.0001870394636759527,0.00016280336493168222,0.8837082193277791,0.00040709643218194585,0.014760437432112387,0.0008369710395081975,0.09993743293981368
45827,0.0022017775736316953,0.9906071196312867,0.002739496542557762,0.0012030772244292643,0.0013124908222354955,0.00043059826098963217,0.0015054399448705704
45828,0.016914234392310303,0.007276167428060356,0.020101592038670516,0.8783072701640217,0.05693605610056671,0.004123386309978476,0.016341293566391166
45829,0.000924234426513809,0.004269593257804634,0.007156029303977274,0.0007970360383139623,0.968993420630195,0.003210731690939146,0.014648954652255377
45830,0.0007605359632145909,0.0001485429950005071,0.9860403033683545,0.0013504015146259998,0.004460960214599584,0.00019843678629551456,0.007040819157907348
45831,0.0004809975292090059,0.0005204001048202158,0.006521337176288389,0.988617639473486,0.0004963624933731921,0.0016331078266870367,0.0017301553961380997
45832,3.1991018737424555e-05,0.000263338565428493,0.0005031606989985072,7.904183468341378e-05,0.00416483597507142,5.9514816291704485e-05,0.9948981170907887
45833,0.00010640665900408928,0.00011213190670984455,0.9980945143787305,0.0008961007549497754,0.00018286064521196255,6.729734643543523e-05,0.0005406883089572181
45834,1.3057305427070627e-05,1.333324455224973e-05,1.9716038029255335e-05,1.2504867132849255e-05,8.266573030340566e-05,0.9998469212240155,1.1801590539011093e-05
45835,0.00014496810375812,0.9838077026017223,0.013462532974760797,0.0002895911379281986,0.001550522943651729,6.725139015747237e-05,0.0006774308480228488
45836,0.011394849416839183,0.010366123091950364,0.012234364745645224,0.0016729469740887942,0.01887697068690427,0.9438259680999834,0.0016287769845861719
45837,0.005834998379260953,0.9083120813623158,0.051813439969074594,0.0047876629065701825,0.011004361244926965,0.006502195279384101,0.011745260858467327
45838,0.00023868732299816195,0.000286738979138146,0.00015139706844870872,4.3189499119486074e-05,0.00047210069543943443,0.998672024944838,0.00013586149001986847
45839,8.113756030656233e-05,0.9952110677764923,0.003226781187464729,0.00034685782353479976,0.00035532665386655285,6.007074568578329e-05,0.0007187582526500983
45840,0.0016263186695795935,0.006417872006720915,0.6779966766002704,0.0006770113599746757,0.008442377059624992,0.0012846419324213539,0.3035551023714065
45841,0.44272488594967874,0.013491630912470388,0.5195878116217181,0.0020398700019691888,0.00874545040263756,0.0032622993093488458,0.010148051802178641
45842,0.0010048404971267882,0.0006067980912569388,0.0019308441084746734,0.9949162927078806,0.000886244798044962,0.0002931894340742842,0.0003617903631409881
45843,0.012773698276134405,0.01488236841057449,0.005003995117745307,0.0054005395997820125,0.014282673496864514,0.9284864269530917,0.01917029814580924
45844,0.032979244740184314,0.01701212940958734,0.6135199689061314,0.004496582771028353,0.259245499328449,0.050425904657106446,0.02232067018751373
45845,0.004370500036676155,0.49462701978733137,0.11247003774844813,0.00988150870546615,0.17082396965274402,0.02612737618902513,0.18169958788030965
45846,0.9873661367681672,0.009312026301577432,0.0012707474050623747,0.0008387777202744313,0.00019088278210377703,0.0009563890321951176,6.503999062084693e-05
45847,0.030241551583122434,0.19452522566944544,0.13845671660746173,0.0025128252799331828,0.6037792596707525,0.0039233993537168225,0.026561021835567473
45848,0.0008152210462423113,0.011796709314508292,0.9782570248038902,0.001859715914850336,0.0028982148616819663,0.002579330547849732,0.0017937835109768398
45849,0.010616998316461899,0.030901512326739444,0.6427800282377123,0.13757076167691326,0.08981595038436722,0.0013762491066567836,0.08693849995114762
45850,0.009923000697196403,0.04008196310165583,0.04299176040805325,0.009348053188097429,0.1054267500050131,0.003037306648491581,0.7891911659514932
45851,0.05289694583472976,0.6810435200705615,0.21312164475988982,0.04020936281334201,0.003518014764039654,0.0052113611171692095,0.003999150640269707
45852,0.06979408247760413,0.14462994321976347,0.13964930660892452,0.4821173691043887,0.044013888015941104,0.09270280827396947,0.02709260229940679
45853,0.8015078263541842,0.03779823384569629,0.15252594855861426,0.005757042133761463,0.0007796231054938792,0.0002620372485386465,0.0013692887537108075
45854,0.06968839207616556,0.5966429059499408,0.03733107565712871,0.032737535841226954,0.22861799579876135,0.007689885454156562,0.027292209222619605
45855,0.010701029837232793,0.013969553473832814,0.036647567353793556,0.03104026333819601,0.05784304671822146,0.7985944174308419,0.05120412184788226
45856,0.00030523744249694916,0.00045557986251297365,0.000594334640334092,0.0003121040369636134,0.9972727488427446,9.947050030703427e-05,0.0009605246746385481
45857,8.568725841913562e-08,2.040751654316335e-07,2.742794728900996e-06,2.3535647243266245e-06,9.449006375697298e-05,6.881058385370437e-07,0.9998994357085299
45858,0.0009668868358627175,0.0004981821979360285,0.0008679421253567714,0.001084423971314101,0.0007682549705766121,0.995616996330943,0.0001973135680097533
45859,0.008348369655797709,0.0028585068459980934,0.010729009935477455,0.9668191587509619,0.0034993869080386505,0.005126435413104341,0.002619132490621704
45860,3.7265892487802812e-06,1.9003131790986572e-06,5.186173169025391e-07,3.789741981008035e-07,1.36216373265563e-06,0.9999914249475619,6.883947632298782e-07
45861,0.0005051892720102341,0.007357345753269962,0.0003646256069344605,7.319894753218856e-05,0.0032811539937437966,0.9878224226868044,0.0005960637397028531
45862,0.0034302091407744186,0.004263039059199077,0.003657848715886872,0.0001274347595817357,0.001183591542579979,0.986817074529845,0.0005208022521347081
45863,0.23224650822666398,0.7629250757162953,0.0026297359568373557,0.0005090425495163683,0.0012273065117243353,0.00034541717067416007,0.00011691386828852902
45864,0.00182695312077675,0.9437654293678945,0.049897096640946194,0.00045575166994881654,0.0014533933499299005,7.118787683132813e-05,0.002530187973673906
45865,0.0008472239430667749,0.9965622833298601,0.0016341983112517387,3.229717560143742e-05,0.0008368859578878018,3.5188966586576264e-05,5.192231574469126e-05
45866,0.0007479410608243622,0.00023576168714756226,0.0032875877118098804,0.994644478209273,0.00030748677916973247,0.0001748288154164033,0.0006019157363603068
45867,0.804701752240352,0.02159506267824278,0.12762856296207323,0.009445471251129007,0.019854775940742232,0.0031192286139590485,0.013655146313501123
45868,1.3586620128644404e-05,0.9999020461114667,1.923993107768937e-05,7.123951794932313e-06,1.6818943323542063e-05,1.933176945107759e-05,2.1852672758060544e-05
45869,0.8076498852446218,0.1346232716604228,0.021791929847011348,0.006047863997421469,0.006908833400221377,0.01964311364471002,0.0033351022055922662
45870,0.0010764414705706992,0.002464590847444791,0.004348625457685268,0.0010520809864134279,0.9844312200858579,0.0005009247724352397,0.0061261163795914755
45871,0.6366354017648285,0.06321902474435183,0.2772851538968772,0.009353738402859456,0.006763561529499935,0.003480167456040347,0.003262952205542393
45872,2.6084008930355387e-05,6.37332233752003e-05,0.0003204127142383129,2.122070843070418e-05,0.0019903556768432937,0.00029398746435622513,0.9972842062038247
45873,0.16518398819846802,0.08047200207622511,0.4154545041593216,0.01455595649347262,0.28144211240760714,0.0018545661038124038,0.04103687056109407
45874,0.018565638994221107,0.034748653489076964,0.04565504057414898,0.00424627774029383,0.7418183598810814,0.004655498480493771,0.1503105308406832
45875,0.002634771288140221,0.0008887087070123971,0.0024908216041276575,0.9476407021220041,0.02761522340246196,0.013637445466542155,0.005092327409712196
45876,3.5989992643913653e-06,3.56211094322261e-06,1.9400968927613904e-05,1.319345295569988e-05,0.00019394914337331263,0.9997493226008294,1.6972723706211657e-05
45877,0.0004769759588859905,0.9953719345278693,0.001948661934346461,0.0004958165254591592,0.0006187051241641089,0.0004104371764021153,0.0006774687528724863
45878,0.5456612217089533,0.03695107478954374,0.2661998533163465,0.11950453222552464,0.008275313561029092,0.020709940023713465,0.002698064374889702
45879,9.751506953100746e-05,0.00030860631241228593,0.0006548063725885807,0.0005708749672595717,0.00022111555022647593,0.9976782488297026,0.00046883289827932384
45880,0.9666500441555401,0.030293408567600797,0.0013693158414962723,0.001418284096734084,3.1366351832085524e-05,0.00022336689006159077,1.4214096733876597e-05
45881,0.0017317829555245272,0.0009638971623132668,0.11827702926990162,0.8385790528016849,0.024396436533844164,0.011002576790088914,0.005049224486641941
45882,0.0010140744720992577,0.005159796014249155,0.004589081182565486,0.003297066724478814,0.8970421939000673,0.0029675700784153464,0.08593021762812457
45883,0.0017521095107057493,0.8509528844155408,0.0025771059799439087,0.0018792491216583114,0.12441556125777047,0.012360986044437642,0.006062103669946155
45884,1.3676891514685201e-05,2.3543984882149073e-05,0.0010241689101944498,5.426474537608078e-05,0.01806684081086331,7.508927292591283e-05,0.9807424153842401
45885,0.12618824587785976,0.056549261351451885,0.19973089108372694,0.012350177395467236,0.09487574433979185,0.009171555286396271,0.5011341246653085
45886,0.06011064043081658,0.05572641438562563,0.5486555962768916,0.2986315092903886,0.004679442663045178,0.027829522218317485,0.004366874734914551
45887,0.0002042492949001508,0.0015688624662505983,0.00136296760646228,0.00018104273717308087,0.005895591733814429,3.201000352097066e-05,0.9907552761578777
45888,6.977060148579829e-05,6.303523530135381e-05,0.002532316687791225,8.376431660749339e-05,0.9969571862930037,3.0021929178466685e-05,0.000263904936633133
45889,0.2024794236809427,0.42721184582283234,0.04061746129435997,0.026584033728390195,0.1749036590950653,0.06549199852603271,0.06271157785237848
45890,3.486881763140706e-05,4.768809745175872e-05,2.2641541234694685e-05,1.6202153634666334e-05,4.474254085712928e-05,0.9998293561469782,4.500702214033835e-06
45891,0.02619368512039188,0.024181137540508987,0.45666271342035913,0.07333965960961693,0.18708522220429472,0.002497658061948008,0.23003992404288195
45892,0.0508354513061919,0.029441297616198382,0.6584528671349041,0.025428975099396574,0.2238160074700646,0.00719081606112899,0.004834585312116989
45893,0.00026770167725109593,0.9993100156372365,0.0002898869820299975,9.14434915441916e-06,0.00010004611486297423,3.4456088341694097e-06,1.975963063138343e-05
45894,0.0005284585428946328,0.0015941040234252206,0.0009637464018314669,0.00023098753804462127,0.00933546372077787,0.9853631733829478,0.0019840663900776534
45895,2.8602366680399604e-05,2.0389437249844192e-05,3.5550563397678686e-06,7.39380348409943e-06,0.0002604821360396604,0.9996760412620616,3.535938145691028e-06
45896,0.0189884956589843,0.2618098805789217,0.6903055047453754,0.009459144949926434,0.00808174507760834,0.006384152099738317,0.004971076889443763
45897,0.0033003263736659525,0.00033943275547674206,0.0060612658764056596,0.0005853866663435513,0.7000967060323644,0.0009709619241541518,0.2886459203715895
45898,0.9404895967810414,0.03121111194777759,0.0011365312104604061,0.01822992656214459,0.004658779637184367,0.003687983482278991,0.0005860703791139659
45899,0.0061031505155560205,0.0016561586168728005,0.002877105086114516,0.0022709148212961636,0.6948634543210714,0.0022926516459582194,0.2899365649931312
45900,0.0032584404719984347,0.00041851781640208285,0.0010704768005640557,0.017870679641430458,0.010783409677478413,0.9361906926988345,0.03040778289329293
45901,0.003635679081000663,0.004294040725525376,0.027314201634939278,0.0016403772061209115,0.7545308615784267,0.002185817119658993,0.20639902265432508
45902,3.6159390492888552e-06,8.155330295213657e-06,0.00033246611846235154,2.1081273120911185e-06,0.0003166728230639931,8.85675170224692e-06,0.9993281249101154
45903,0.00011779256588503698,0.0003151614999265157,0.0003865766042021765,4.686251122583877e-05,0.7469106367974421,0.0002478803424024165,0.2519750896789152
45904,0.0015319107565161688,0.006528446301630354,0.005182909957660427,0.004100869194187557,0.9670505189769324,0.006938416955707427,0.008666927857366937
45905,0.0009248570313961502,0.001110428646786699,0.0005095778851456975,0.0031966947567186065,0.0001851625664988454,0.9939884447780201,8.483433543229288e-05
45906,0.0026419118101879613,0.9483117282176037,0.03837911052724586,0.0008815666474369422,0.008303615865553025,0.00026424641365823754,0.0012178205183130345
45907,0.00020860427196053583,0.00041937036166466926,0.0002681371570552309,0.00030129552866971216,0.0001842948158978947,0.9985382317694186,8.00660953299533e-05
45908,5.588825871786236e-06,3.513634261224628e-05,9.50141133689913e-06,2.7592668448216596e-06,1.9836892227295823e-06,0.999944088370609,9.420935018159213e-07
45909,0.0033394361803661538,0.0013624608176634715,0.005605882929958686,0.0008262704490800594,0.9859516508846636,0.00045658109752259255,0.002457717640747981
45910,0.0005835227211574568,0.004016622260370803,0.005377641251279459,0.003009827999554504,0.014588975892254058,0.9709978359862885,0.0014255738890963513
45911,1.9386201709920167e-06,1.5258027460553514e-06,2.972980544941449e-05,2.6830757698268404e-06,0.9999388745135478,1.4128409770941238e-05,1.1119772544080141e-05
45912,0.004444367072038188,0.5189540123882229,0.34254872175525675,0.010338469310256192,0.05814275208067497,0.01689824741323367,0.048673429980315944
45913,0.0015730669386060188,0.0032817273847427545,0.0021917343267762214,4.711812040405843e-05,0.9910489288927772,1.1281287491546073e-05,0.001846143049202301
45914,0.0001499976752737038,0.00027570084896597936,0.0024845840709325027,0.0011276042787124962,0.00021589846786816808,0.9942559384441185,0.0014902762141309658
